0.00609185
0.0304592
-0.109653
0.00304592
0.0822399
0.0274133
0.039597
-0.0152296
-0.0944236
0.00304592
-0.0700562
0.0335052
0.0243674
-0.225398
-0.00609185
0.0182755
-0.0731022
-0.197985
-0.0548266
-0.0578725
-0.0517807
-0.0274133
0.0274133
-0.0304592
0.0426429
-0.0609185
-0.0761481
0.0822399
-0.0152296
-0.0700562
-0.0578725
-0.0517807
0.0670103
0.121837
-0.332006
-0.182755
-0.0731022
0.0578725
-0.0243674
0.0152296
-0.106607
-0.0335052
0.0700562
-0.0944236
-0.0700562
0.109653
-0.0274133
-0.0609185
0.112699
0.0243674
0.0121837
-0.0974695
0.079194
-0.0609185
-0.00304592
-0.00304592
0.079194
0.137067
-0.0487348
0.286317
0.0456888
-0.0274133
-0.0578725
0.0670103
-0.00609185
0.0731022
-0.264995
-0.0182755
0.124883
0.197985
0.0822399
-0.0152296
-0.0182755
0.0639644
-0.0456888
-0.00913777
-0.0487348
0.0456888
-0.0883318
-0.0913777
0.127929
0.0700562
-0.137067
0.0517807
-0.0731022
0.0335052
0.0243674
-0.0426429
-0.0152296
0.0548266
-0.00913777
0.155342
0.0456888
0.112699
0.173618
-0.140112
0.00609185
0.0548266
-0.0365511
-0.0274133
-0.079194
0.0304592
0.121837
-0.00304592
0.0609185
0.0487348
0.0243674
-0.00913777
0.0517807
-0.0456888
-0.0852858
0.0182755
-0.0487348
0.0182755
0.00913777
-0.14925
0.0487348
0.0578725
0.0304592
-0.039597
-0.0609185
0.039597
-0.0944236
0.0974695
0.106607
-0.137067
0.0182755
-0.100515
