-0.0489966
0
-0.155636
0.0605253
0.0518788
-0.0576431
0.092229
-0.0605253
-0.135461
-0.0778182
-0.112404
0.0605253
0.0115286
-0.198869
0.0201751
0.0432323
-0.0201751
-0.0720539
-0.0288216
-0.0576431
-0.100875
-0.00864647
0.0403502
-0.0259394
0.0230572
-0.092229
-0.074936
0.14699
0.0662896
-0.0576431
-0.0893468
0.0288216
0.054761
0.103758
-0.314155
-0.167165
-0.0720539
0.0691717
-0.00288216
0.0864647
-0.149872
0.00288216
0.00288216
-0.109522
0.0201751
0.138343
0.00288216
-0.100875
0.0461145
-0.0345859
0.0288216
-0.0461145
0.074936
-0.132579
0.0576431
-0.00864647
0.0432323
0.054761
-0.0605253
0.213279
0.054761
0.0172929
-0.126815
0.074936
0.074936
0.054761
-0.233455
0.0172929
0.0864647
0.25363
0.0893468
0.0979933
-0.0518788
0.0288216
0.0259394
-0.0489966
-0.0835825
0.00864647
-0.0864647
-0.0317037
0.144108
0.0403502
-0.109522
0.0778182
-0.0951111
0.0201751
0.0807003
-0.0835825
-0.0201751
0.0172929
-0.00576431
0.141226
0.109522
0.0489966
0.129697
-0.0893468
0.0201751
0.0201751
-0.118168
0.0345859
-0.0691717
0.0144108
0.0691717
-0.00288216
0
0.0259394
0.0201751
-0.0979933
0.0778182
-0.0893468
-0.0691717
0.0345859
-0.0259394
0.0115286
-0.0720539
-0.149872
0.0691717
0.0461145
0.112404
-0.0864647
-0.0345859
-0.0144108
-0.0461145
0.0345859
0.178694
-0.109522
0
-0.0317037
