-0.0394451
-0.00328709
-0.164355
-0.0427322
0.0591676
-0.0493064
0.18079
-0.0525935
-0.036158
0.0657418
-0.0854644
-0.00986127
0.0262967
-0.239958
-0.0131484
-0.00657418
0.00657418
-0.134771
-0.0197225
-0.0131484
-0.0427322
-0.0624547
0.0887515
-0.0262967
0.036158
-0.0690289
-0.0690289
0.131484
0.0657418
-0.0197225
-0.0986127
0.00657418
0.00986127
0.141345
-0.262967
-0.18079
0.00328709
0.072316
0.00986127
0.0821773
-0.0953257
-0.00986127
-0.0262967
-0.138058
0.0230096
0.072316
0.00657418
-0.00657418
0.0197225
-0.0986127
-0.0295838
-0.0558806
-0.00657418
-0.193938
0.0525935
0
0.0624547
0.0197225
-0.0525935
0.213661
0.0657418
0.0164355
-0.128197
0.0525935
0.0394451
0.0262967
-0.236671
0.0131484
0.118335
0.200513
0.1019
0.072316
0.0230096
0.00657418
0.0394451
0.00328709
-0.108474
-0.0821773
-0.0525935
-0.0591676
-0.0427322
0.0427322
-0.144632
0.124909
-0.151206
0.036158
0.036158
-0.115048
0.00657418
-0.00328709
-0.0394451
0.115048
0.0953257
0.0558806
0.0788902
-0.118335
0.0295838
0.0328709
-0.115048
0.128197
-0.0460193
0.0756031
-0.0854644
-0.0164355
0.0427322
0.0788902
0.0164355
-0.0262967
0.0328709
-0.0821773
-0.0624547
0.0657418
0.00328709
0.0394451
-0.118335
-0.184077
0.141345
0.00657418
0.0591676
-0.108474
0.0230096
0.0262967
0.00986127
0.072316
0.154493
-0.1019
-0.0197225
0.0427322
