-0.0883977
0.0210471
-0.151539
0.0336753
0
0.0463036
0.0126282
0.0294659
-0.0420942
-0.14733
-0.0589318
0.0420942
-0.193633
-0.273612
0.0294659
-0.0841883
-0.00420942
-0.0589318
-0.0757695
-0.189424
-0.00841883
-0.0968166
-0.0883977
0.0252565
0.0673507
0
-0.00420942
0.193633
0.0126282
-0.113654
-0.202052
-0.0168377
0.126282
-0.0715601
-0.14733
-0.126282
0.0126282
0.0968166
0.14733
0.109445
-0.0420942
-0.0968166
-0.0252565
-0.109445
-0.0294659
0.0799789
0.0673507
-0.0336753
0.126282
-0.122073
0.0547224
-0.0463036
-0.0463036
-0.0252565
0
-0.0715601
0.0210471
-0.0420942
-0.0883977
0.14312
0.0252565
0.050513
-0.113654
0.0589318
0.0757695
0.0673507
0.0463036
-0.00420942
-0.00841883
0.223099
0.00841883
0.0757695
-0.122073
0.0378847
0.0926072
-0.0715601
0.0210471
0
-0.0589318
-0.0463036
-0.0883977
0.0883977
-0.0631412
-0.109445
-0.172586
0.00841883
0.0968166
0.0252565
0.0294659
0.0126282
-0.0126282
-0.0126282
-0.0168377
0.0378847
0.130492
-0.0673507
0.0126282
0.0126282
-0.0378847
-0.151539
0.0673507
0.0210471
0.130492
0.0883977
0.0378847
0.0631412
0.0252565
-0.0631412
0.0294659
-0.197843
0.00420942
0.0378847
-0.109445
0.0673507
-0.0841883
-0.117864
-0.0126282
-0.134701
0.0757695
-0.0968166
0.00420942
0.00841883
-0.101026
0.0336753
0.109445
-0.0547224
0.126282
-0.0631412
