-0.0858839
-0.00660645
-0.161858
0.0693678
0.0264258
0.0462452
-0.0198194
0.0495484
-0.0528516
-0.0957936
0.00660645
0.0363355
-0.267561
-0.175071
0.0396387
-0.0528516
-0.0957936
-0.122219
0
-0.165161
-0.0561549
-0.109006
-0.0495484
-0.0528516
0.0495484
-0.00990968
0.00330323
0.0957936
-0.0264258
-0.1024
-0.109006
-0.0561549
0.168465
-0.0627613
-0.2048
-0.158555
0
0.0330323
0.132129
0.151948
-0.0957936
-0.0924904
0.0132129
-0.0528516
-0.0132129
0.042942
0.0396387
-0.0693678
0.155252
-0.0264258
-0.029729
-0.029729
0.0660645
-0.0594581
0.00660645
-0.0561549
0.029729
0.0363355
-0.042942
0.125523
0.0759742
0.0132129
-0.161858
0.0957936
0.0825807
0.11231
0.118916
-0.0396387
0.042942
0.19489
0.0924904
0.0396387
-0.0396387
0.072671
0.0132129
-0.00990968
-0.0363355
-0.00660645
-0.00330323
0.00330323
-0.0594581
0.0627613
-0.0627613
-0.0858839
-0.208103
0.0132129
0.072671
0.0462452
0.0330323
0.072671
0.0264258
0.0594581
-0.1024
0.125523
0.125523
-0.0198194
0.00330323
0.0495484
-0.0330323
-0.135432
0.029729
-0.00660645
0.0660645
0.0627613
0.0363355
0.0693678
0.0462452
0.0231226
0.0264258
-0.148645
0.00330323
-0.0198194
-0.0990968
0.0825807
-0.029729
-0.0825807
-0.0231226
-0.218013
0.0891871
-0.0891871
0.0264258
-0.00330323
-0.11231
0.132129
0.118916
-0.161858
0.135432
-0.0132129
