-0.0263247
0.0827348
-0.105299
0.0338461
-0.0940168
-0.022564
0.022564
0.101538
-0.0188034
0.0376067
-0.150427
-0.022564
-0.195555
-0.11282
0.0413674
-0.0752135
-0.0451281
-0.142906
-0.022564
-0.0864955
-0.00376067
0.0263247
-0.0300854
-0.0263247
-0.0526494
0.022564
-0.0564101
0.131624
0.0188034
-0.022564
-0.105299
-0.0376067
0.00376067
-0.142906
-0.308375
-0.0864955
-0.00752135
0.00376067
0.0263247
0.0601708
0.0263247
-0.0639315
-0.0488888
0
-0.0488888
-0.022564
0.0977775
0.0300854
0.191794
0.0526494
-0.0789742
-0.0940168
0.0940168
-0.105299
0.146666
-0.0827348
0.0714528
0.0263247
0
0.154188
0.0188034
0.0263247
-0.0564101
0.105299
0.0789742
0.0789742
0.27829
-0.0676921
0.0639315
0.161709
-0.0150427
0.0752135
-0.0827348
0.0376067
-0.0376067
0.011282
-0.022564
0.0488888
0.0451281
-0.0150427
-0.150427
0.0376067
-0.0188034
-0.10906
-0.127863
0.120342
0.022564
0.172991
0.0864955
0.116581
-0.0714528
0.101538
-0.154188
0.105299
0.0977775
-0.0789742
0.0752135
0.0488888
-0.0526494
-0.00752135
0.0376067
0.0263247
0.0940168
0.150427
0.0413674
0.0188034
-0.0300854
0.11282
0.0564101
-0.0864955
0.022564
-0.146666
-0.0977775
-0.00376067
-0.0488888
0.0413674
0.022564
-0.0413674
-0.0338461
0.0827348
0.0263247
-0.0300854
-0.0940168
0.150427
0.10906
-0.101538
0.0940168
-0.00752135
