-0.0425216
-0.00911177
-0.209571
0.0759314
-0.0212608
0.00607451
0.0607451
-0.0455588
-0.0637824
-0.0182235
-0.0911177
0.0151863
0.00303726
-0.246018
0.0546706
-0.00607451
0.0364471
-0.118453
-0.109341
-0.0728941
-0.0759314
0.0151863
-0.0182235
-0.0637824
0.0425216
-0.106304
-0.00911177
0.124527
0.0850432
-0.0273353
-0.0880804
0.0303726
0.0546706
0.0911177
-0.331061
-0.218682
-0.0303726
0.00911177
0.0637824
0.0941549
-0.148826
-0.0303726
0
-0.145788
-0.0151863
0.130602
0.0850432
-0.00911177
-0.0182235
-0.0334098
0.0546706
-0.0880804
0.0303726
-0.0971922
0.0789687
-0.0759314
0.0637824
-0.0212608
-0.0759314
0.197422
0.0637824
0
-0.179198
0.0485961
0.0880804
0.012149
-0.185273
-0.00303726
0.127565
0.264241
0.0820059
0.0728941
-0.0607451
0.0455588
-0.0425216
-0.0334098
-0.0485961
-0.0273353
-0.0425216
-0.0668196
0.112378
0.0850432
-0.148826
0.0820059
-0.0911177
-0.00607451
0.0728941
-0.0212608
0.0151863
0.0334098
0.0151863
0.139714
0.0759314
0.0971922
0.157937
-0.0485961
-0.0151863
0.024298
-0.0698569
0.0880804
-0.00607451
0.0607451
0.0698569
-0.024298
0.00303726
0.0455588
-0.0334098
-0.0334098
0.0850432
-0.0637824
-0.0182235
0.00607451
-0.0577079
0.00911177
-0.0668196
-0.0668196
0.118453
-0.0607451
0.0880804
-0.0455588
0.0212608
-0.0182235
-0.0607451
0.0394843
0.151863
-0.0820059
0.0637824
-0.00303726
