-0.0119933
0.00399776
-0.163908
0.0119933
0.0679619
0.0119933
0.139922
0.00399776
-0.0719597
-0.0799552
-0.099944
0.0279843
0.0199888
-0.227872
0.083953
-0.00399776
-0.0399776
-0.119933
-0.111937
-0.15991
-0.0319821
-0.0759575
0.0199888
-0.0679619
-0.0319821
-0.0679619
0
0.135924
-0.0439754
-0.099944
-0.119933
-0.0239866
0.0639642
0.0519709
-0.287839
-0.143919
-0.0439754
0.00399776
0.0599664
0.0879508
-0.0679619
-0.0759575
0.0279843
-0.111937
-0.0199888
0.143919
-0.0479731
-0.0639642
0.103942
-0.0439754
0.0519709
-0.10794
0.0639642
-0.103942
0.0239866
-0.115935
0.0919485
0.111937
-0.0279843
0.251859
0.0799552
0.0519709
-0.127928
0.099944
0.0199888
0.0679619
-0.215879
0.0199888
0.0279843
0.203886
0.099944
-0.0359799
-0.083953
0.0719597
0.0279843
-0.00799552
-0.0359799
0.0519709
-0.0759575
-0.0359799
0.0319821
0.0119933
-0.103942
0.0439754
-0.123931
0.0119933
0.0439754
0
0.0279843
0.00399776
0.0399776
0.135924
0.0119933
0.131926
0.175902
-0.123931
0.0479731
0.0679619
-0.0599664
-0.00799552
-0.0599664
-0.00799552
0.0959463
0.0239866
0.0519709
0.139922
-0.0279843
-0.00799552
0.0199888
-0.0719597
-0.015991
0
-0.083953
-0.0119933
-0.0279843
-0.127928
0.0199888
-0.0119933
-0.0559687
-0.0479731
-0.0279843
-0.0239866
-0.083953
0.127928
0.139922
-0.155913
0.0199888
-0.0119933
