0
-0.0264189
-0.181997
-0.0352252
0.0264189
-0.00587086
0.0146772
-0.0352252
-0.0645795
0.0322897
-0.0821921
0.0146772
0.00587086
-0.287672
-0.0146772
-0.0264189
-0.00880629
-0.231899
-0.111546
-0.0352252
-0.0146772
-0.0352252
0.00880629
-0.0763212
0.0440315
-0.0792567
-0.041096
0.0939338
0.041096
0.00293543
-0.0733858
-0.0352252
0
0.143836
-0.319962
-0.202545
0.0117417
0.0704504
0.0352252
0.105676
-0.0939338
-0.0557732
0.0528378
-0.161449
0.00880629
0.111546
0.0499023
0.0264189
-0.0117417
-0.041096
0.00880629
-0.0851275
0.0117417
-0.140901
0.123288
-0.0499023
0.0733858
-0.0146772
-0.0998047
0.176126
0.0557732
-0.0117417
-0.13503
0.0704504
0.0264189
0.108611
-0.20548
-0.0176126
0.146772
0.23777
0.0557732
0.0733858
-0.0469669
0.0499023
-0.0176126
-0.0146772
-0.0851275
-0.0645795
-0.00880629
-0.0675149
0.0939338
0.0675149
-0.111546
0.0821921
-0.114482
-0.0146772
0.041096
-0.13503
-0.0117417
0.00587086
0.0146772
0.123288
0.0499023
0.0792567
0.149707
-0.111546
0
0.0587086
-0.0587086
0.0322897
-0.041096
0.041096
0.0293543
-0.0322897
0.0322897
0.0322897
-0.00293543
-0.0469669
0.0499023
-0.0616441
-0.0499023
0
-0.0733858
0.0176126
-0.0792567
-0.0733858
0.0968692
-0.0234835
0.0616441
-0.0557732
0.0440315
0.0146772
-0.0733858
0.0851275
0.170255
-0.0939338
0.0234835
-0.0733858
