-0.109836
-0.0141724
-0.0850342
0.038974
-0.00708619
0.0637757
0.0850342
0.0177155
-0.0602326
-0.00354309
0
0.0212586
-0.272818
-0.145267
0.0637757
-0.074405
-0.0637757
-0.191327
-0.0566895
-0.177155
-0.0602326
-0.131094
-0.0460602
-0.0637757
0.0921204
-0.0248017
0.0460602
0.166525
0.038974
-0.0850342
-0.0956635
-0.0602326
0.152353
-0.0177155
-0.205499
-0.162982
0.00354309
0.0141724
0.120465
0.134638
-0.109836
-0.0814911
0.00708619
-0.0496033
-0.0212586
0.0141724
0.0921204
-0.00354309
0.106293
-0.0496033
-0.0496033
-0.0814911
0.0141724
-0.0283447
0.0885773
-0.0708619
0.00708619
-0.0425171
-0.077948
0.0814911
0.0460602
0
-0.166525
0.074405
0.0602326
0.0637757
0.120465
-0.0566895
0.0531464
0.198413
0.074405
0.0354309
-0.0212586
0.0460602
-0.038974
0.0248017
0.0141724
-0.0141724
-0.0283447
-0.0106293
-0.0177155
0.0637757
-0.14881
-0.116922
-0.180698
0.0496033
0.0850342
0.120465
0.0141724
0.0921204
0.00354309
0.0814911
-0.074405
0.116922
0.10275
-0.0106293
-0.038974
0.0106293
-0.0106293
-0.0248017
0.074405
0.077948
0.0566895
0.0531464
0.0354309
0.0496033
0
0.0248017
0.113379
-0.124008
0.00354309
-0.0318878
-0.0921204
0.124008
-0.0460602
-0.131094
0.0283447
-0.187784
0.116922
-0.116922
0.074405
0
-0.14881
0.116922
0.038974
-0.0956635
0.131094
-0.0318878
