-0.00794414
0.0516369
-0.111218
0.0278045
-0.150939
0.00397207
0.127106
0.0436928
-0.055609
0.0476649
-0.190659
-0.111218
-0.170799
-0.111218
-0.0317766
0.0198604
0.0834135
-0.194631
-0.119162
-0.0834135
0.0238324
-0.0436928
0.0198604
0.0794414
0.055609
0.0357486
0.0397207
0.198604
0.0953297
-0.0158883
-0.0754694
-0.111218
0.139022
-0.0754694
-0.309822
-0.131078
0.00397207
-0.0516369
0.0476649
0.0635531
0.00397207
-0.0516369
0.0476649
-0.0397207
-0.055609
0.0635531
0.146967
0.0278045
0.11519
-0.0714973
0.0317766
-0.103274
0.00397207
-0.0317766
0.146967
-0.0953297
-0.00397207
-0.103274
-0.0119162
0.0516369
-0.0397207
0.0317766
-0.0913576
0.0953297
0.00794414
0.123134
0.0873856
0.0238324
0.103274
0.107246
-0.0357486
0.0595811
-0.0754694
0.0119162
-0.00794414
-0.0278045
0.0516369
0.00794414
0.0198604
-0.0198604
-0.222436
-0.0198604
0.0198604
-0.0834135
-0.139022
0.123134
-0.0278045
0.166827
0.0635531
0.0834135
0.0397207
0.0993018
-0.142995
0.00397207
0.0516369
-0.0873856
0.0794414
0.0476649
-0.0238324
-0.00794414
0.0436928
0.0913576
0.0913576
0.0993018
0.0436928
0.0754694
-0.166827
0.0516369
0.0754694
-0.0794414
0.0794414
-0.142995
-0.0516369
0.0397207
-0.0834135
0.00794414
-0.0238324
-0.111218
-0.0397207
-0.00794414
0.119162
-0.0436928
-0.0834135
0.11519
0.0317766
0
0.0873856
0.0158883
