-0.0995272
0.0137279
-0.168167
0.0308877
0.0171599
0.0514796
-0.0411837
0.0240238
-0.0343197
-0.113255
-0.0240238
0.0171599
-0.188758
-0.315741
-0.0171599
-0.102959
0.0549115
0.0274558
-0.0137279
-0.154439
-0.0514796
-0.0857993
-0.106391
0.0205918
0.0446156
-0.0343197
-0.0446156
0.205918
-0.0171599
-0.0892312
-0.185326
0
0.19219
-0.0823673
-0.17503
-0.120119
-0.00343197
0.0411837
0.0960952
0.0823673
-0.116687
-0.0755034
-0.0343197
-0.0857993
-0.0343197
0.106391
0.0583435
-0.0686394
0.0755034
-0.0446156
0.0171599
-0.0205918
-0.0137279
-0.0205918
0.0240238
0.0102959
-0.0240238
-0.0343197
-0.0789353
0.0686394
0.0617755
0.0102959
-0.120119
0.00686394
0.0686394
0.0960952
0.0755034
-0.0102959
0.0377517
0.229942
0.0343197
0.0686394
-0.116687
0.0446156
0.0343197
-0.109823
0.0274558
0
-0.0960952
-0.0514796
-0.0652074
0.0823673
-0.0755034
-0.0995272
-0.0926632
0.00686394
0.0617755
0.0171599
0.00343197
0.0137279
0.0446156
0.0308877
-0.0343197
0.0205918
0.126983
-0.0446156
-0.0240238
-0.0240238
-0.00343197
-0.219646
0.0652074
-0.0240238
0.137279
0.0720714
0.0240238
0.0617755
0.0411837
-0.0514796
0.0583435
-0.250534
0.0102959
0.0480476
-0.106391
0.133847
-0.00686394
0
0.0102959
-0.199054
0.109823
-0.0549115
0.0137279
-0.00343197
-0.126983
0.0137279
0.0857993
-0.0583435
0.0377517
-0.0823673
